1	126 423 4332
2	211 966 1346
3	345 420 2150
4	870 205 2030
5	657 432 4543
6	901 521 2641
7	855 340 5733
8	725 108 4162
9	357 894 1046
10	216 347 7306
11	239 545 7471
12	453 871 9500
13	516 709 8003
14	311 298 9033
15	879 674 3942
16	267 466 7856
17	341 441 2906
18	604 547 9170
19	828 645 8731
20	526 518 7893
21	674 418 2663
22	858 874 2996
23	130 355 8940
24	111 328 3415
25	314 678 0618
26	943 413 3200
27	916 188 7823
28	655 100 5096
29	116 322 8577
30	894 257 0660
31	417 914 6033
32	246 288 8941
33	523 629 5126
34	193 356 1029
35	722 837 7670
36	467 676 6054
37	248 957 2932
38	603 289 9673
39	287 651 3923
40	927 273 2852
41	500 346 0687
42	777 604 3105
43	691 597 5077
44	565 721 4802
45	328 954 7002
46	262 482 3768
47	969 587 8755
48	386 375 8423
49	245 908 7509
50	256 556 7619
51	563 103 8757
52	214 300 9574
53	450 104 2143
54	910 375 7928
55	749 250 6260
56	565 294 9035
57	861 124 0752
58	225 451 0038
59	473 863 8514
60	385 366 9918
61	477 551 7976
62	512 785 2763
63	715 243 3547
64	221 261 1653
65	399 558 8561
66	139 304 0382
67	780 531 7809
68	294 610 5830
69	280 336 4269
70	266 972 4315
71	186 419 7250
72	276 133 0061
73	377 739 9493
74	310 700 1358
75	220 953 8601
76	131 978 9928
77	377 179 8565
78	103 581 7576
79	541 150 0605
80	507 346 1072
81	978 154 7752
82	646 508 9662
83	281 389 9905
84	878 928 3906
85	893 809 4550
86	790 636 6895
87	944 706 1058
88	461 729 6316
89	166 676 4993
90	985 193 3676
91	244 165 9431
92	354 678 2418
93	166 599 6975
94	165 792 4291
95	320 769 8163
96	614 831 5303
97	623 529 8804
98	615 721 7314
99	457 751 2597
100	910 115 7768
101	657 439 7343
102	249 838 9041
103	444 215 1170
104	508 469 3235
105	982 742 2898
106	202 752 1501
107	127 501 3260
108	310 381 0805
109	636 375 6767
110	558 563 0314
111	620 382 4069
112	777 755 2925
113	294 157 3898
114	715 787 0055
115	120 355 0040
116	246 786 5720
117	870 318 2550
118	382 142 5810
119	185 641 1365
120	528 157 8953
121	389 393 9322
122	149 476 7552
123	649 361 8960
124	422 339 6637
125	539 418 2130
126	736 780 4454
127	718 722 3154
128	211 754 5849
129	214 255 5654
130	109 792 8101
131	145 612 6564
132	788 747 9434
133	633 486 8815
134	963 777 7994
135	669 138 5779
136	174 643 6647
137	877 163 1897
138	646 929 6085
139	300 632 1379
140	353 951 4642
141	514 353 6108
142	951 247 0456
143	663 447 8972
144	165 898 6178
145	637 715 9795
146	168 140 4929
147	675 431 9825
148	318 736 7252
149	232 274 0315
150	840 194 2577
151	107 326 1917
152	979 150 0195
153	203 418 3265
154	200 222 5867
155	641 847 6849
156	208 420 1622
157	497 567 2693
158	441 573 7591
159	782 298 8974
160	333 842 0382
161	837 604 0159
162	114 387 7791
163	555 744 1681
164	626 358 8451
165	532 705 2509
166	741 538 7388
167	429 952 9411
168	669 958 1859
169	319 795 8097
170	766 323 0388
171	971 785 8590
172	264 666 8072
173	328 812 3251
174	863 989 2340
175	577 960 1829
176	341 897 5135
177	367 710 0698
178	451 336 1600
179	113 952 0286
180	219 535 4077
181	505 988 9798
182	594 894 4286
183	738 501 1746
184	647 194 2423
185	184 785 4736
186	311 558 6203
187	533 105 3687
188	617 138 1851
189	277 767 7360
190	432 537 1344
191	519 137 6910
192	629 416 6975
