1	1	1	5	07:00:00
2	41	1	6	07:15:00
3	39	1	7	07:30:00
4	36	1	8	07:45:00
5	7	1	5	07:00:00
6	10	1	6	07:15:00
7	15	1	7	07:30:00
8	18	1	8	07:45:00
9	1	19	5	09:00:00
10	41	19	6	09:15:00
11	39	19	7	09:30:00
12	36	19	8	09:45:00
13	7	19	5	09:00:00
14	10	19	6	09:15:00
15	15	19	7	09:30:00
16	18	19	8	09:45:00
17	4	19	5	06:30:00
18	12	19	6	06:45:00
19	19	2	12	06:00:00
20	25	2	13	06:30:00
21	28	2	14	06:45:00
22	44	2	15	07:00:00
23	5	2	12	06:00:00
24	13	2	13	06:30:00
25	20	2	14	06:45:00
26	22	2	15	07:00:00
27	37	2	12	06:00:00
28	40	2	13	06:30:00
29	47	20	16	07:15:00
30	50	20	17	07:30:00
31	53	20	18	08:00:00
32	56	20	19	08:15:00
33	2	20	16	07:15:00
34	33	20	17	07:30:00
35	42	20	18	08:00:00
36	13	20	19	08:15:00
37	8	20	14	06:45:00
38	37	20	15	07:00:00
39	110	3	26	10:30:00
40	131	3	27	11:00:00
41	142	3	28	11:15:00
42	128	3	29	11:30:00
43	137	3	30	12:00:00
44	190	3	26	10:30:00
45	127	3	27	11:00:00
46	31	3	28	11:15:00
47	192	3	29	11:30:00
48	16	3	30	12:00:00
49	21	21	26	10:30:00
50	17	21	27	11:00:00
51	95	21	28	11:15:00
52	33	21	29	11:30:00
53	57	21	30	12:00:00
54	68	21	26	10:30:00
55	99	21	27	11:00:00
56	13	21	28	11:15:00
57	11	21	29	11:30:00
58	12	21	30	12:00:00
59	37	18	1	06:00:00
60	36	18	2	06:15:00
61	38	18	3	06:30:00
62	44	18	4	06:45:00
63	53	18	1	06:00:00
64	59	18	2	06:15:00
65	55	18	3	06:30:00
66	145	18	4	06:45:00
67	140	18	3	06:30:00
68	92	18	4	06:45:00
69	64	36	1	06:00:00
70	183	36	2	06:15:00
71	158	36	3	06:30:00
72	43	36	4	06:45:00
73	46	36	1	06:00:00
74	73	36	2	06:15:00
75	126	36	3	06:30:00
76	115	36	4	06:45:00
77	95	36	1	06:00:00
78	69	36	2	06:15:00
79	44	14	20	08:30:00
80	106	14	21	09:00:00
81	36	14	22	09:15:00
82	55	14	20	08:30:00
83	46	14	21	09:00:00
84	124	14	22	09:15:00
85	106	14	20	08:30:00
86	121	14	21	09:00:00
87	26	14	22	09:15:00
88	53	14	23	09:30:00
89	185	32	24	10:00:00
90	57	32	25	10:15:00
91	47	32	24	10:00:00
92	19	32	25	10:15:00
93	169	32	24	10:00:00
94	114	32	25	10:15:00
95	145	32	23	09:30:00
96	84	32	24	10:00:00
97	42	32	25	10:15:00
98	43	32	23	09:30:00
99	42	32	24	10:00:00
100	185	32	25	10:15:00