1	1	234	00:03:00
1	2	955	00:06:00
1	3	449	00:07:00
1	4	462	00:02:00
1	5	944	00:03:00
1	6	639	00:02:00
1	7	640	00:03:00
1	8	641	00:02:00
1	9	643	00:02:00
1	10	642	00:05:00
1	11	645	00:02:00
1	12	956	00:02:00
1	13	957	00:05:00
1	14	958	00:04:00
1	15	959	00:01:00
1	16	960	00:03:00
1	17	961	00:02:00
1	18	962	00:06:00
1	19	963	00:02:00
1	20	964	00:02:00
1	21	966	00:02:00
19	1	981	00:06:00
19	2	978	00:02:00
19	3	979	00:01:00
19	4	976	00:02:00
19	5	975	00:02:00
19	6	974	00:03:00
19	7	977	00:02:00
19	8	973	00:04:00
19	9	972	00:03:00
19	10	971	00:02:00
19	11	970	00:02:00
19	12	632	00:05:00
19	13	631	00:04:00
19	14	629	00:05:00
19	15	630	00:02:00
19	16	329	00:02:00
19	17	639	00:03:00
19	18	669	00:02:00
19	19	447	00:02:00
19	20	433	00:03:00
19	21	434	00:01:00
19	22	211	00:02:00
19	23	210	00:04:00
19	24	209	00:02:00
19	25	114	00:03:00
19	26	138	00:02:00
2	1	133	00:02:00
2	2	91	00:05:00
2	3	90	00:04:00
2	4	132	00:03:00
2	5	21	00:02:00
2	6	131	00:03:00
2	7	19	00:03:00
2	8	130	00:02:00
2	9	129	00:02:00
2	10	128	00:01:00
2	11	127	00:02:00
2	12	119	00:03:00
2	13	120	00:03:00
2	14	121	00:02:00
2	15	123	00:02:00
2	16	124	00:02:00
2	17	122	00:04:00
2	18	118	00:03:00
2	19	116	00:04:00
2	20	115	00:06:00
2	21	114	00:01:00
2	22	111	00:02:00
2	23	112	00:02:00
2	24	113	00:01:00
2	25	110	00:02:00
20	1	138	00:02:00
20	2	142	00:02:00
20	3	148	00:03:00
20	4	154	00:02:00
20	5	156	00:04:00
20	6	64	00:01:00
20	7	65	00:02:00
20	8	66	00:06:00
20	9	157	00:03:00
20	10	134	00:04:00
3	1	211	00:03:00
3	2	114	00:07:00
3	3	844	00:02:00
3	4	842	00:02:00
3	5	838	00:02:00
3	6	2231	00:05:00
3	7	2253	00:02:00
3	8	2312	00:02:00
21	1	864	00:02:00
21	2	868	00:02:00
21	3	867	00:05:00
21	4	138	00:03:00
21	5	234	00:03:00
21	6	398	00:02:00
18	1	210	00:02:00
18	2	209	00:04:00
18	3	693	00:04:00
18	4	252	00:05:00
18	5	751	00:02:00
18	6	617	00:04:00
18	7	138	00:02:00
18	8	398	00:06:00
36	1	2128	00:14:00
36	2	2119	00:17:00
36	3	657	00:18:00
36	4	659	00:16:00
36	5	661	00:17:00
36	6	666	00:15:00
36	7	138	00:18:00
36	8	398	00:15:00
14	1	815	00:14:00
14	2	138	00:16:00
14	3	693	00:17:00
14	4	113	00:15:00
14	5	252	00:16:00
14	6	751	00:14:00
14	7	9	00:19:00
14	8	468	00:18:00
14	9	564	00:17:00
14	10	822	00:17:00
32	1	557	00:14:00
32	2	451	00:18:00
32	3	545	00:12:00
32	4	812	00:17:00
32	5	719	00:11:00
32	6	717	00:05:00
32	7	114	00:19:00
32	8	1336	00:20:00