03B	1
04	1
06A	1
06B	1
06C	1
06D	1
06E	1
08A	1
08B	1
08BCT	1
12	1
21B	1
37	1
60A	2
94	1
99	1
106	1
E06	3
57	2
58	2
59	2
61	2
65	2
142	2
143	2
144	2
CNG01	2
CNG02	2
CNG03	2
CNG04	2
CNG05	2
CNG06	2
CNG07	2
E01	3
E02	3
E03	3
E04	3
E05	3
E07	3
E08	3
E09	3
E10	3
01	1
02	1
03A	1
05	1
07	1
09A	1
09B	1
09BCT	1
11	1
11CT	1
13	1
15	1
16	1
17	1
19	1
20A	1
20B	1
21A	1
22A	1
22B	1
22C	1
23	1
24	1
25	1
26	1
27	1
28	1
29	1
30	1
30CT	1
31	1
32	1
33	1
34	1
35A	1
35B	1
36	1
36CT	1
38	1
40CT	1
41	1
42	1
43	1
44	1
45	1
46	1
47A	1
47B	1
48	1
49	1
50	1
51	1
52A	1
52B	1
53A	1
53B	1
54	1
55A	1
55B	1
56A	1
56B	1
